3,2
3,1
3,3
8,2
171,4
171,3
171,2
171,1
0,474
171,0
138,5
138,4
138,3
138,2
138,1
138,0
127,5
127,4
127,3
127,2
127,1
127,0
125,5
125,4
125,3
125,2
125,1
125,0
123,5
123,4
123,3
123,2
123,1
123,0
121,6
121,5
121,4
121,3
121,2
121,1
121,0
119,5
119,4
119,3
119,2
119,1
119,0
116,5
116,4
116,3
116,2
116,1
116,0
115,3
115,2
115,1
115,0
114,4
114,3
114,1
109,4
109,3
109,1
105,4
105,3
105,1
102,3
102,1
101,5
101,4
101,3
101,2
101,1
96,3
96,1
95,5
95,3
95,1
94,4
94,3
94,1
93,4
93,1
60,3
60,2
60,1
20,3
20,2
20,1
19,3
19,2
19,1
18,3
18,1
14,7
14,5
14,3
14,1
13,3
13,1
12,3
12,2
12,1
11,3
11,2
11,1
10,3
10,2
10,1
9,3
9,2
